1000464
1000822
1000826
1000843
1000862
1000905
1000923
1001090
1001113
1001146
1001170
1001331
1001349
1001396
1001510
1001513
1001545
1001611
1001614
1001733
1001759
1002004
1002042
1002086
1002198
1002531
1002544
1002546
1002548
1002568
1002572
1002620
1002622
1002630
1002644
1002679
1002773
1002923
1002931
1002951
1003297
1003298
1003302
1003307
1003309
1003312
1003506
1003508
1003524
1003694
1003987
1004050
1004053
1004073
1004323
1004325
1004413
1004459
1004634
1004748
1004825
1005133
1005232
1006246
1007251
1007303
1008002
1008137
1008977
1009271
1009429
1009512
1009613
1009706
1009892
1010047
1010598
1010637
1010707
1010713
1010724
1010797
1010901
1010910
1011405
1011569
1011733
1011866
1011934
1012069
1012808
1012869
1012980
1013415
1014281
1014777
1014781
1014782
1014783
1014869
